inst/ExampleLandscape/Dem_demo.txt
ncols         159 
nrows         10 
xllcorner     9.8 
yllcorner     46.8
cellsize      25
NODATA_value -9999
2560 2544 2527 2511 2494 2478 2462 2445 2429 2413 2396 2380 2363 2347 2331 2314 2298 2282 2265 2249 2232 2216 2200 2183 2167 2151 2134 2118 2101 2085 2069 2052 2036 2019 2003 1987 1970 1954 1938 1921 1905 1888 1872 1856 1839 1823 1807 1790 1774 1757 1741 1725 1708 1692 1676 1659 1643 1626 1610 1610 1620 1629 1639 1648 1658 1668 1677 1687 1696 1706 1716 1725 1735 1744 1754 1764 1773 1783 1792 1802 1812 1821 1831 1840 1850 1859 1869 1879 1888 1898 1907 1917 1927 1936 1946 1955 1965 1975 1984 1994 2003 2013 2023 2032 2042 2051 2061 2071 2080 2090 2099 2109 2119 2128 2138 2147 2157 2167 2176 2186 2195 2205 2215 2224 2234 2243 2253 2263 2272 2282 2291 2301 2311 2320 2330 2339 2349 2358 2368 2378 2387 2397 2406 2416 2426 2435 2445 2454 2464 2474 2483 2493 2502 2512 2522 2531 2541 2550 2560
2560 2544 2527 2511 2494 2478 2462 2445 2429 2413 2396 2380 2363 2347 2331 2314 2298 2282 2265 2249 2232 2216 2200 2183 2167 2151 2134 2118 2101 2085 2069 2052 2036 2019 2003 1987 1970 1954 1938 1921 1905 1888 1872 1856 1839 1823 1807 1790 1774 1757 1741 1725 1708 1692 1676 1659 1643 1626 1610 1610 1620 1629 1639 1648 1658 1668 1677 1687 1696 1706 1716 1725 1735 1744 1754 1764 1773 1783 1792 1802 1812 1821 1831 1840 1850 1859 1869 1879 1888 1898 1907 1917 1927 1936 1946 1955 1965 1975 1984 1994 2003 2013 2023 2032 2042 2051 2061 2071 2080 2090 2099 2109 2119 2128 2138 2147 2157 2167 2176 2186 2195 2205 2215 2224 2234 2243 2253 2263 2272 2282 2291 2301 2311 2320 2330 2339 2349 2358 2368 2378 2387 2397 2406 2416 2426 2435 2445 2454 2464 2474 2483 2493 2502 2512 2522 2531 2541 2550 2560
2560 2544 2527 2511 2494 2478 2462 2445 2429 2413 2396 2380 2363 2347 2331 2314 2298 2282 2265 2249 2232 2216 2200 2183 2167 2151 2134 2118 2101 2085 2069 2052 2036 2019 2003 1987 1970 1954 1938 1921 1905 1888 1872 1856 1839 1823 1807 1790 1774 1757 1741 1725 1708 1692 1676 1659 1643 1626 1610 1610 1620 1629 1639 1648 1658 1668 1677 1687 1696 1706 1716 1725 1735 1744 1754 1764 1773 1783 1792 1802 1812 1821 1831 1840 1850 1859 1869 1879 1888 1898 1907 1917 1927 1936 1946 1955 1965 1975 1984 1994 2003 2013 2023 2032 2042 2051 2061 2071 2080 2090 2099 2109 2119 2128 2138 2147 2157 2167 2176 2186 2195 2205 2215 2224 2234 2243 2253 2263 2272 2282 2291 2301 2311 2320 2330 2339 2349 2358 2368 2378 2387 2397 2406 2416 2426 2435 2445 2454 2464 2474 2483 2493 2502 2512 2522 2531 2541 2550 2560
2560 2544 2527 2511 2494 2478 2462 2445 2429 2413 2396 2380 2363 2347 2331 2314 2298 2282 2265 2249 2232 2216 2200 2183 2167 2151 2134 2118 2101 2085 2069 2052 2036 2019 2003 1987 1970 1954 1938 1921 1905 1888 1872 1856 1839 1823 1807 1790 1774 1757 1741 1725 1708 1692 1676 1659 1643 1626 1610 1610 1620 1629 1639 1648 1658 1668 1677 1687 1696 1706 1716 1725 1735 1744 1754 1764 1773 1783 1792 1802 1812 1821 1831 1840 1850 1859 1869 1879 1888 1898 1907 1917 1927 1936 1946 1955 1965 1975 1984 1994 2003 2013 2023 2032 2042 2051 2061 2071 2080 2090 2099 2109 2119 2128 2138 2147 2157 2167 2176 2186 2195 2205 2215 2224 2234 2243 2253 2263 2272 2282 2291 2301 2311 2320 2330 2339 2349 2358 2368 2378 2387 2397 2406 2416 2426 2435 2445 2454 2464 2474 2483 2493 2502 2512 2522 2531 2541 2550 2560
2560 2544 2527 2511 2494 2478 2462 2445 2429 2413 2396 2380 2363 2347 2331 2314 2298 2282 2265 2249 2232 2216 2200 2183 2167 2151 2134 2118 2101 2085 2069 2052 2036 2019 2003 1987 1970 1954 1938 1921 1905 1888 1872 1856 1839 1823 1807 1790 1774 1757 1741 1725 1708 1692 1676 1659 1643 1626 1610 1610 1620 1629 1639 1648 1658 1668 1677 1687 1696 1706 1716 1725 1735 1744 1754 1764 1773 1783 1792 1802 1812 1821 1831 1840 1850 1859 1869 1879 1888 1898 1907 1917 1927 1936 1946 1955 1965 1975 1984 1994 2003 2013 2023 2032 2042 2051 2061 2071 2080 2090 2099 2109 2119 2128 2138 2147 2157 2167 2176 2186 2195 2205 2215 2224 2234 2243 2253 2263 2272 2282 2291 2301 2311 2320 2330 2339 2349 2358 2368 2378 2387 2397 2406 2416 2426 2435 2445 2454 2464 2474 2483 2493 2502 2512 2522 2531 2541 2550 2560
2560 2544 2527 2511 2494 2478 2462 2445 2429 2413 2396 2380 2363 2347 2331 2314 2298 2282 2265 2249 2232 2216 2200 2183 2167 2151 2134 2118 2101 2085 2069 2052 2036 2019 2003 1987 1970 1954 1938 1921 1905 1888 1872 1856 1839 1823 1807 1790 1774 1757 1741 1725 1708 1692 1676 1659 1643 1626 1610 1610 1620 1629 1639 1648 1658 1668 1677 1687 1696 1706 1716 1725 1735 1744 1754 1764 1773 1783 1792 1802 1812 1821 1831 1840 1850 1859 1869 1879 1888 1898 1907 1917 1927 1936 1946 1955 1965 1975 1984 1994 2003 2013 2023 2032 2042 2051 2061 2071 2080 2090 2099 2109 2119 2128 2138 2147 2157 2167 2176 2186 2195 2205 2215 2224 2234 2243 2253 2263 2272 2282 2291 2301 2311 2320 2330 2339 2349 2358 2368 2378 2387 2397 2406 2416 2426 2435 2445 2454 2464 2474 2483 2493 2502 2512 2522 2531 2541 2550 2560
2560 2544 2527 2511 2494 2478 2462 2445 2429 2413 2396 2380 2363 2347 2331 2314 2298 2282 2265 2249 2232 2216 2200 2183 2167 2151 2134 2118 2101 2085 2069 2052 2036 2019 2003 1987 1970 1954 1938 1921 1905 1888 1872 1856 1839 1823 1807 1790 1774 1757 1741 1725 1708 1692 1676 1659 1643 1626 1610 1610 1620 1629 1639 1648 1658 1668 1677 1687 1696 1706 1716 1725 1735 1744 1754 1764 1773 1783 1792 1802 1812 1821 1831 1840 1850 1859 1869 1879 1888 1898 1907 1917 1927 1936 1946 1955 1965 1975 1984 1994 2003 2013 2023 2032 2042 2051 2061 2071 2080 2090 2099 2109 2119 2128 2138 2147 2157 2167 2176 2186 2195 2205 2215 2224 2234 2243 2253 2263 2272 2282 2291 2301 2311 2320 2330 2339 2349 2358 2368 2378 2387 2397 2406 2416 2426 2435 2445 2454 2464 2474 2483 2493 2502 2512 2522 2531 2541 2550 2560
2560 2544 2527 2511 2494 2478 2462 2445 2429 2413 2396 2380 2363 2347 2331 2314 2298 2282 2265 2249 2232 2216 2200 2183 2167 2151 2134 2118 2101 2085 2069 2052 2036 2019 2003 1987 1970 1954 1938 1921 1905 1888 1872 1856 1839 1823 1807 1790 1774 1757 1741 1725 1708 1692 1676 1659 1643 1626 1610 1610 1620 1629 1639 1648 1658 1668 1677 1687 1696 1706 1716 1725 1735 1744 1754 1764 1773 1783 1792 1802 1812 1821 1831 1840 1850 1859 1869 1879 1888 1898 1907 1917 1927 1936 1946 1955 1965 1975 1984 1994 2003 2013 2023 2032 2042 2051 2061 2071 2080 2090 2099 2109 2119 2128 2138 2147 2157 2167 2176 2186 2195 2205 2215 2224 2234 2243 2253 2263 2272 2282 2291 2301 2311 2320 2330 2339 2349 2358 2368 2378 2387 2397 2406 2416 2426 2435 2445 2454 2464 2474 2483 2493 2502 2512 2522 2531 2541 2550 2560
2560 2544 2527 2511 2494 2478 2462 2445 2429 2413 2396 2380 2363 2347 2331 2314 2298 2282 2265 2249 2232 2216 2200 2183 2167 2151 2134 2118 2101 2085 2069 2052 2036 2019 2003 1987 1970 1954 1938 1921 1905 1888 1872 1856 1839 1823 1807 1790 1774 1757 1741 1725 1708 1692 1676 1659 1643 1626 1610 1610 1620 1629 1639 1648 1658 1668 1677 1687 1696 1706 1716 1725 1735 1744 1754 1764 1773 1783 1792 1802 1812 1821 1831 1840 1850 1859 1869 1879 1888 1898 1907 1917 1927 1936 1946 1955 1965 1975 1984 1994 2003 2013 2023 2032 2042 2051 2061 2071 2080 2090 2099 2109 2119 2128 2138 2147 2157 2167 2176 2186 2195 2205 2215 2224 2234 2243 2253 2263 2272 2282 2291 2301 2311 2320 2330 2339 2349 2358 2368 2378 2387 2397 2406 2416 2426 2435 2445 2454 2464 2474 2483 2493 2502 2512 2522 2531 2541 2550 2560
2560 2544 2527 2511 2494 2478 2462 2445 2429 2413 2396 2380 2363 2347 2331 2314 2298 2282 2265 2249 2232 2216 2200 2183 2167 2151 2134 2118 2101 2085 2069 2052 2036 2019 2003 1987 1970 1954 1938 1921 1905 1888 1872 1856 1839 1823 1807 1790 1774 1757 1741 1725 1708 1692 1676 1659 1643 1626 1610 1610 1620 1629 1639 1648 1658 1668 1677 1687 1696 1706 1716 1725 1735 1744 1754 1764 1773 1783 1792 1802 1812 1821 1831 1840 1850 1859 1869 1879 1888 1898 1907 1917 1927 1936 1946 1955 1965 1975 1984 1994 2003 2013 2023 2032 2042 2051 2061 2071 2080 2090 2099 2109 2119 2128 2138 2147 2157 2167 2176 2186 2195 2205 2215 2224 2234 2243 2253 2263 2272 2282 2291 2301 2311 2320 2330 2339 2349 2358 2368 2378 2387 2397 2406 2416 2426 2435 2445 2454 2464 2474 2483 2493 2502 2512 2522 2531 2541 2550 2560
