inst/ExampleLandscape/Slope_demo.txt
ncols         159 
nrows         10 
xllcorner     9.8 
yllcorner     46.8
cellsize      25
NODATA_value -9999
25 21 15 16 20 26 29 28 25 23 29 32 31 34 37 37 37 37 32 30 33 31 29 28 21 26 37 39 39 40 37 31 27 28 31 37 41 41 36 31 27 27 34 37 33 27 26 26 26 28 30 30 27 24 22 22 25 27 26 13 20 14 12 11 6 5 9 9 12 13 14 19 23 28 37 33 19 19 20 24 29 29 24 24 23 25 26 20 14 18 26 29 34 36 31 27 27 30 35 34 32 38 41 38 33 29 30 32 30 30 33 34 32 33 27 23 23 24 28 30 29 28 24 22 22 21 21 19 19 21 18 16 17 16 15 17 22 18 20 22 14 13 13 14 13 11 12 19 26 24 17 17 26 32 35 38 41 41 37
25 24 19 16 18 23 28 28 24 23 26 30 33 35 37 35 36 39 38 34 34 32 29 31 27 20 31 43 42 38 37 30 26 25 29 37 39 41 41 36 31 31 33 34 31 27 26 26 26 27 28 29 28 26 23 20 22 25 26 16 15 12 11 7 3 5 8 7 13 15 10 13 19 25 33 37 28 20 20 28 33 29 23 24 25 24 26 17 8 14 22 26 31 34 33 29 27 29 36 35 30 34 40 40 37 33 31 32 31 28 32 35 31 27 29 27 23 23 25 26 27 30 29 27 25 24 22 17 16 18 17 13 14 16 13 14 24 20 20 23 15 15 13 13 13 9 8 10 22 26 18 15 18 22 24 29 36 42 41
25 25 23 20 19 23 27 28 23 20 22 27 32 35 38 37 35 38 41 37 35 37 36 33 30 26 25 39 45 41 39 32 26 25 31 38 39 36 37 39 38 35 35 34 32 28 27 27 27 28 28 28 28 27 24 20 21 24 23 13 6 10 10 5 2 3 8 6 16 18 10 11 15 21 28 36 31 22 22 30 36 30 22 23 26 24 20 13 9 10 16 23 28 31 32 30 28 29 33 35 31 30 36 38 37 36 34 32 32 29 30 34 31 24 24 25 22 22 22 23 25 28 28 28 28 27 24 18 15 16 17 14 12 14 12 11 24 22 18 20 14 17 15 13 11 8 7 6 18 25 19 16 15 17 18 22 29 37 41
26 25 24 21 20 23 28 28 24 20 20 22 27 31 36 38 37 38 42 40 34 37 41 39 32 26 23 32 43 45 43 36 31 30 30 34 38 37 36 40 42 38 38 37 34 30 29 31 31 30 29 28 26 26 26 23 22 23 24 19 6 7 11 8 4 4 9 6 18 22 10 11 13 18 26 32 30 23 22 29 37 34 26 25 27 25 18 15 15 11 11 18 24 28 29 29 29 30 30 33 35 32 33 36 36 36 34 33 33 31 31 33 30 24 21 22 22 21 21 20 22 27 25 26 28 27 24 19 17 16 16 16 13 12 12 12 24 23 16 16 12 18 18 12 10 8 8 9 16 22 19 16 16 17 16 19 23 31 38
29 26 24 22 21 23 28 29 26 22 20 20 23 25 28 33 37 39 42 41 34 33 37 39 36 28 23 30 39 44 45 40 35 31 30 31 36 39 38 41 43 38 37 39 37 34 32 33 35 34 32 30 26 24 25 24 23 22 24 25 16 0 10 11 6 7 11 5 20 24 11 12 13 16 22 28 28 23 21 26 34 35 29 27 28 29 25 19 19 16 10 14 20 25 28 27 27 30 31 32 35 36 33 32 34 35 31 29 31 32 33 33 31 27 24 23 21 19 20 19 21 26 25 25 28 27 25 20 19 18 15 15 14 14 15 19 25 19 14 16 14 16 17 12 9 9 10 10 13 18 19 18 17 19 18 17 21 29 36
32 30 27 25 24 26 29 30 27 23 22 23 24 23 23 26 31 36 39 37 34 34 35 36 37 32 26 28 35 40 42 40 39 37 33 32 33 35 36 38 41 38 35 37 38 36 32 29 33 36 36 33 27 25 25 25 24 21 21 24 23 12 2 10 8 8 11 4 20 27 14 14 14 14 16 22 27 25 22 28 33 35 32 27 27 28 27 20 19 21 11 11 17 22 27 27 26 27 28 27 29 33 32 26 28 32 27 26 29 31 32 33 32 29 27 25 23 20 20 19 20 24 25 26 29 28 26 21 20 20 15 15 15 16 17 25 23 10 14 18 15 13 15 12 10 11 11 10 11 16 20 23 22 24 23 18 21 28 35
36 33 30 27 27 28 29 30 29 26 25 27 28 26 23 21 25 32 37 34 31 33 35 35 35 35 28 27 32 36 39 38 40 42 37 33 33 33 34 36 38 38 35 33 32 32 31 28 25 31 36 33 26 26 25 25 25 21 21 21 23 21 8 11 13 8 9 4 19 27 19 16 14 12 12 15 21 25 24 28 34 35 30 23 20 21 25 20 19 23 15 11 16 19 23 23 22 23 22 23 27 34 32 27 28 31 26 24 27 30 31 31 31 29 27 25 24 22 22 20 20 21 23 26 29 29 26 20 21 21 17 17 16 18 19 27 21 5 14 19 16 13 14 12 10 12 10 9 9 12 21 31 30 24 18 16 20 27 34
38 35 32 29 27 27 27 28 29 28 26 28 31 29 25 21 22 28 34 33 31 31 34 34 34 35 31 27 28 32 35 35 36 40 38 36 35 33 34 34 34 33 34 34 30 28 28 28 22 28 33 28 25 23 24 24 24 22 21 20 19 23 17 9 15 8 7 3 16 25 25 21 16 15 13 10 9 19 23 27 33 38 31 22 19 18 22 19 20 22 16 15 19 21 23 22 24 24 21 22 29 33 30 28 28 28 29 28 27 29 30 31 31 29 26 24 23 23 23 23 21 20 20 24 28 30 27 19 19 19 16 20 19 19 21 28 19 3 12 17 16 15 17 14 11 11 9 7 5 7 22 35 29 20 18 20 24 26 31
38 39 36 31 31 29 27 27 29 29 25 25 30 30 27 24 23 25 29 32 31 30 33 34 33 33 33 29 26 28 32 34 33 35 39 39 37 37 37 34 32 29 32 35 31 26 29 29 23 27 29 28 26 21 23 24 23 21 20 19 16 22 23 2 16 11 7 2 12 24 30 25 18 13 8 3 2 11 21 27 34 42 35 23 19 16 20 20 23 23 18 20 24 25 25 22 22 21 17 22 29 30 28 29 28 27 29 28 26 28 29 31 31 28 25 24 22 23 25 25 23 20 18 22 27 30 28 20 19 18 15 21 21 17 21 29 18 2 8 14 15 16 21 18 11 12 11 8 7 13 26 31 23 20 20 24 28 27 29
34 38 38 34 33 33 29 26 26 27 27 27 28 30 28 25 25 26 26 30 30 30 33 35 34 31 32 30 26 25 28 32 32 33 38 39 36 37 38 37 34 29 32 34 30 28 30 29 29 33 35 33 29 24 24 24 22 21 20 18 15 19 24 7 14 18 8 0 10 22 28 30 24 14 5 5 4 5 16 26 34 42 42 30 21 19 19 21 26 27 23 25 28 27 25 20 21 23 22 24 28 28 26 27 27 27 28 28 27 28 30 30 28 28 25 21 22 24 26 27 25 19 16 21 27 31 28 21 19 19 19 22 20 15 19 29 20 2 6 12 13 13 21 22 16 16 13 10 11 18 23 22 16 17 22 27 29 25 28
